000  3581
001  2327
002   614
003  1777
004   614
005   585
006   612
007  1779
008   613
009  1777
010   612
011   585
012   612
013   588
014   612
015   585
016   643
017  1748
018   612
019   586
020   612
021   585
022   612
023   587
024   611
025   587
026   613
027   585
028   613
029   586
030   613
031   610
032   588
033  1777
034   636
035   562
036   614
037   585
038   614
039   585
040   610
041  1781
042   609
043  1781
044   609
045  1780
046   611
047   588
048   733
049   464
050   611
051   586
052   614
053  1777
054   613
055   585
056   613
057  1778
058   611
059   588
060   611
061  1778
062   610
063  1763
064   610
065  8634
066  3601
067  2417
068   612
069  1778
070   610
071   588
072   611
073  1781
074   609
075  1781
076   635
077   561
078   638
079   561
080   612
081   585
082   612
083  1778
084   611
085   589
086   666
087   531
088   637
089   561
090   637
091   562
092   636
093   563
094   610
095   587
096   636
097   563
098   636
099  1753

Unknown protocol start 3581 2327 Burst length 100 duration 95980

[3581, 2327, 614, 1777, 614, 585, 612, 1779, 613, 1777, 612, 585, 612, 588, 612, 585, 643, 1748, 612, 586, 612, 585, 612, 587, 611, 587, 613, 585, 613, 586, 613, 610, 588, 1777, 636, 562, 614, 585, 614, 585, 610, 1781, 609, 1781, 609, 1780, 611, 588, 733, 464, 611, 586, 614, 1777, 613, 585, 613, 1778, 611, 588, 611, 1778, 610, 1763, 610, 8634, 3601, 2417, 612, 1778, 610, 588, 611, 1781, 609, 1781, 635, 561, 638, 561, 612, 585, 612, 1778, 611, 589, 666, 531, 637, 561, 637, 562, 636, 563, 610, 587, 636, 563, 636, 1753]