000  3604
001  2302
002   657
003  1736
004   652
005   544
006   655
007  1735
008   656
009  1735
010   651
011   547
012   654
013   547
014   650
015   609
016   590
017  1737
018   650
019   550
020   651
021  1740
022   649
023  1741
024   660
025  1729
026   651
027  1735
028   657
029   545
030   623
031   576
032   650
033  1740
034   650
035   547
036   654
037   544
038   654
039   544
040   651
041   548
042   650
043  1758
044   632
045  1741
046   632
047   567
048   648
049   548
050   652
051   547
052   655
053  1734
054   654
055   542
056   656
057  1737
058   655
059   545
060   622
061  1766
062   654
063  1718
064   650
065  8594
066  3643
067  2374
068   628
069  1762
070   627
071   590
072   650
073  1721
074   656
075  1735
076   627
077   570
078   654
079   547
080   648
081   564
082   608
083  1783
084   613
085   571
086   618
087  1771
088   620
089  1771
090   621
091  1769
092   621