000  9032
001  4409
002   590
003   571
004   593
005   570
006   586
007   574
008   590
009   571
010   589
011   573
012   589
013   571
014   643
015   520
016   595
017   567
018   588
019  1650
020   590
021  1649
022   616
023  1621
024   591
025  1648
026   562
027  1678
028   587
029  1650
030   589
031  1650
032   595
033  1641
034   598
035  1643
036   589
037   570
038   594
039   569
040   618
041  1620
042   596
043  1644
044   588
045   573
046   591
047   570
048   597
049   565
050   585
051   577
052   589
053  1648
054   587
055  1652
056   583
057   577
058   591
059   585
060   548
061  1677
062   586
063  1651
064   598
065  1640
066   586

NEC

[9032, 4409, 590, 571, 593, 570, 586, 574, 590, 571, 589, 573, 589, 571, 643, 520, 595, 567, 588, 1650, 590, 1649, 616, 1621, 591, 1648, 562, 1678, 587, 1650, 589, 1650, 595, 1641, 598, 1643, 589, 570, 594, 569, 618, 1620, 596, 1644, 588, 573, 591, 570, 597, 565, 585, 577, 589, 1648, 587, 1652, 583, 577, 591, 585, 548, 1677, 586, 1651, 598, 1640, 586]