000  3618
001  2292
002   629
003  1763
004   649
005  1743
006   647
007  1742
008   649
009  1742
010   625
011   572
012   654
013   542
014   654
015   547
016   650
017  1749
018   642
019   546
020   651
021   547
022   651
023  1740
024   649
025  1743
026   648
027  1743
028   646
029   549
030   655
031   543
032   651
033  1738
034   648
035   551
036   651
037   548
038   622
039   575
040   626
041  1765
042   622
043  1830
044   559
045  1768
046   621
047   577
048   625
049   574
050   621
051   577
052   620
053  1770
054   618
055   581
056   614
057  1777
058   611
059   587
060   611
061  1778
062   615
063  1756
064   614
065  8631
066  3604
067  2415
068   614
069  1775
070   639
071  1752
072   614
073  1776
074   638
075  1753
076   613
077   583
078   618
079   585
080   639
081   557
082   618
083  1772
084   641
085   557
086   617
087   581
088   643
089  1746
090   642
091  1749

Unknown protocol start 3618 2292 Burst length 92 duration 98344

[3618, 2292, 629, 1763, 649, 1743, 647, 1742, 649, 1742, 625, 572, 654, 542, 654, 547, 650, 1749, 642, 546, 651, 547, 651, 1740, 649, 1743, 648, 1743, 646, 549, 655, 543, 651, 1738, 648, 551, 651, 548, 622, 575, 626, 1765, 622, 1830, 559, 1768, 621, 577, 625, 574, 621, 577, 620, 1770, 618, 581, 614, 1777, 611, 587, 611, 1778, 615, 1756, 614, 8631, 3604, 2415, 614, 1775, 639, 1752, 614, 1776, 638, 1753, 613, 583, 618, 585, 639, 557, 618, 1772, 641, 557, 617, 581, 643, 1746, 642, 1749]