000  9104
001  4378
002   605
003   555
004   597
005   562
006   603
007   559
008   598
009   564
010   598
011   561
012   597
013   565
014   568
015   593
016   567
017   593
018   594
019  1645
020   567
021  1674
022   561
023  1674
024   566
025  1672
026   588
027  1652
028   594
029  1642
030   594
031  1644
032   591
033  1648
034   574
035  1742
036   486
037   597
038   593
039   571
040   596
041  1639
042   601
043  1640
044   594
045   567
046   592
047   571
048   587
049   573
050   623
051   539
052   594
053  1644
054   606
055  1633
056   587
057   574
058   596
059   566
060   588
061  1650
062   591
063  1647
064   589
065  1649
066   615

NEC

[9104, 4378, 605, 555, 597, 562, 603, 559, 598, 564, 598, 561, 597, 565, 568, 593, 567, 593, 594, 1645, 567, 1674, 561, 1674, 566, 1672, 588, 1652, 594, 1642, 594, 1644, 591, 1648, 574, 1742, 486, 597, 593, 571, 596, 1639, 601, 1640, 594, 567, 592, 571, 587, 573, 623, 539, 594, 1644, 606, 1633, 587, 574, 596, 566, 588, 1650, 591, 1647, 589, 1649, 615]