000  3562
001  2348
002   613
003  1777
004   612
005  1777
006   615
007  1777
008   612
009  1778
010   611
011   585
012   614
013   587
014   620
015   818
016   390
017  1760
018   611
019   587
020   611
021   587
022   636
023  1755
024   636
025  1754
026   610
027  1781
028   610
029   587
030   612
031   586
032   612
033  1777
034   614
035   585
036   611
037   587
038   612
039   586
040   612
041  1780
042   689
043  1701
044   611
045  1778
046   612
047   586
048   612
049   602
050   608
051   574
052   613
053  1779
054   611
055   585
056   613
057  1778
058   612
059   586
060   611
061  1778
062   613
063  1758
064   614
065  8631
066  3604
067  2415
068   613
069  1776
070   637
071  1754
072   637
073  1754
074   636
075  1754
076   640
077   557
078   637
079   561
080   638
081   561
082   637
083  1753
084   637
085   562
086   637
087   560
088   638
089  1754
090   636
091  1753